13998 67162
66859 60294
64783 77944
19913 84034
51282 81455
49432 38571
24835 56712
27562 38638
74353 57482
75449 90736
91828 83263
86146 69273
78164 67403
43361 99858
75933 39434
22948 95967
72613 89931
84228 89807
90193 37396
35203 20493
59064 57827
14539 84636
39626 252
57734 42101
49189 13979
13594 49535
18808 57369
24773 99740
15950 13325
69111 84486
80453 91884
98167 92060
98219 69418
23166 98747
19240 4765
62592 58369
59357 94657
11261 77132
35585 98983
29314 85347
34882 84775
42144 59260
75352 70042
83367 83269
67755 91303
83187 52479
60891 64560
33978 81354
96454 59110
63875 73496
31866 32046
43055 42820
19952 91223
6559 54316
39663 71889
56664 35873
95134 74545
60940 15161
14782 70486
61789 44307
13138 82538
47098 61328
59035 74029
33140 97429
70925 55489
87535 13367
56187 19143
26719 30591
1259 92491
64381 33278
85503 40923
31820 37397
68910 96989
83828 92760
53420 83693
66231 61969
23298 82910
56940 29681
43462 98685
54174 6432
19799 14388
49883 58061
5004 92339
84830 76602
26232 6264
63539 49211
2961 11736
25077 11711
20824 71871
55564 8905
70875 90596
73506 38147
67829 94173
92858 46798
53230 11291
42031 63384
37797 89382
81721 91915
84869 42802
65418 82903
48467 27454
39190 45309
57020 51428
23299 64267
89525 94196
84792 95216
33363 60400
54573 58299
21449 1192
28836 63783
43519 74680
80414 87219
95486 81316
40470 78487
61390 80356
24162 22240
67549 26209
77637 79704
60323 40922
35118 17289
12505 49848
10248 36263
10914 45868
63413 81173
61308 32363
23395 8601
95820 4827
2496 3809
82296 91307
88015 42966
65207 60039
86248 12177
91881 49108
6382 80238
97527 52204
2053 57853
94116 10032
72252 28653
9827 5030
53745 35665
44266 71135
92315 77141
80950 40087
47746 94811
54129 79599
39638 52113
80642 19336
84797 42238
22476 72523
41079 91179
49032 20003
46387 59484
88138 59500
80882 18640
54305 14317
1804 34628
28121 98572
55011 94119
88930 25423
5022 19109
71222 43060
78748 61012
3251 51864
40739 79897
71077 42079
62083 98170
57655 36461
12314 8470
27110 62145
92814 93196
44176 81416
96340 94618
88738 88649
14073 67703
86812 94020
37080 35447
12812 74386
42602 32181
12078 32415
74494 83341
81511 99507
52321 36577
61400 55518
34015 64635
74183 88510
86278 26829
21448 34712
39713 98970
83025 26538
20558 70138
5586 86189
60575 73991
6172 34750
67165 3177
2870 18250
34110 41659
94589 734
56252 86431
67418 55989
60851 90268
33449 57953
9017 63482
62452 54897
81435 48731
18869 45478
48019 18346
92337 24455
75557 8595
28124 98509
33111 42722
734 30995
48081 83573
70004 95323
51312 4333
10953 53774
11728 28515
91997 44403
15652 20745
69476 54450
16280 13440
31786 4698
45505 80651
89246 24123
38984 21063
63785 33723
81070 72095
72021 64519
76194 29151
49836 42025
12152 43858
72374 60790
21545 40232
77329 64371
35173 37197
66989 63158
67856 67805
48457 98775
39250 13361
34424 54055
4130 78234
66682 14562
79081 85200
30703 38703
97080 55276
99134 80540
57682 25584
65816 87860
52232 79227
32776 43146
6304 3757
71563 99766
14893 74160
87521 36372
6779 54144
48730 38298
52860 10910
12462 31764
86819 48293
19921 43166
23706 83900
25836 19056
23268 97740
76967 91653
34799 75500
95610 9743
25861 57455
31615 83525
19897 40755
11251 35488
90138 26676
53938 76333
8098 42998
91292 66401
9567 94917
95169 11213
46621 49625
47365 21006
29011 69890
61742 24332
50427 80162
37617 73704
57229 92641
49748 85584
37424 93478
36507 60999
53684 27563
70561 90445
56846 61782
73052 78205
5771 66413
32390 84573
21931 68744
54986 79755
20439 67294
47456 33081
6785 87219
79860 85073
87009 80367
73845 45960
23311 24434
68349 10352
798 76995
55130 55262
33468 73996
56762 44534
45459 55591
24335 89152
85260 67391
34685 79322
28755 5699
9270 98494
83567 35540
15907 5482
51442 86929
27715 6105
16457 74753
68101 96064
51326 33607
7604 23231
84117 1146
56737 64366
53518 29576
13319 81073
76747 38778
60830 48005
46499 5502
57394 70100
75583 46418
33347 73302
79407 43377
34483 61062
73478 12216
45824 2584
42167 24805
25951 69780
34146 26284
72212 82689
80114 4016
42795 85532
33537 73213
95067 19977
90077 96388
59158 52461
42115 82012
41742 8858
69920 37874
66443 76225
95161 43399
84556 12267
98399 37328
79964 10507
9548 32545
36561 52176
37708 6014
95579 95708
15685 87597
83985 90646
59460 22115
20479 43144
52002 17927
55802 62221
54798 38274
98025 38597
67216 49959
3639 98933
25793 65615
98160 99955
52132 35341
57708 51073
46782 6192
93790 53287
60286 78819
934 94127
53623 19746
37673 37766
16339 21977
76604 9827
48424 71138
37449 90981
89915 31992
97607 57441
57396 15708
67401 95767
63193 25880
32073 25109
94749 9975
5146 42215
52694 55035
91133 6081
60199 6318
44647 28806
54986 76538
47676 21251
12233 19762
51755 1478
58919 18500
50560 65714
77834 16315
42196 17961
43071 41027
51002 90621
32836 54172
9207 56148
78581 85530
8200 340
45498 55132
31671 52848
90451 16836
52951 79347
97177 2684
37536 4706
86772 56096
72412 88096
6058 64606
5633 30960
21581 65481
19653 72987
45488 70769
56299 45212
61904 24069
79202 64500
33700 7402
24239 27225
22924 24151
43188 77190
98248 20102
76198 80724
68821 85020
49627 64962
95922 91231
73064 71612
44600 17503
4624 9069
54281 90088
30509 60924
41776 16185
39939 9711
53288 75476
15979 80530
57720 76213
96315 59167
39892 72320
73693 88865
53828 25065
32648 39672
11284 49750
83606 5712
31133 55884
45972 88230
65506 85414
17951 76482
2545 23634
99110 57890
38421 55834
48399 31442
90609 12493
1166 44714
33579 46853
88270 74859
30883 3759
53510 20918
42982 42167
14404 53468
58050 90467
75881 76728
69562 23557
47191 93832
68075 72108
44294 62654
94096 6496
18989 9045
70111 1057
47911 20155
11366 20042
23802 36181
73452 42249
769 93664
47132 32786
23254 15173
8253 5182
45091 15487
25672 77816
66276 8635
87641 93747
243 10570
35967 98089
99146 35584
55740 6078
26120 47057
99591 83458
25708 49922
43586 89395
38533 42829
74354 90718
12253 78139
9979 82607
60423 73696
82331 35651
45750 26699
53621 86324
84413 62345
97929 89588
12018 83560
46969 70021
53480 38139
88061 62912
52307 95540
38369 31648
38718 7193
1684 12723
11682 67323
57372 11663
63666 88458
15157 56055
42380 9416
71761 85131
91071 26793
10353 86043
72416 3090
41229 73675
36587 42248
37788 45642
93642 5247
12440 92509
21584 48713
32388 30476
42140 33267
21725 89760
45816 5806
31575 53234
54717 4548
31341 19688
22083 45789
65231 58047
31722 94500
36748 22812
84806 84661
89908 90889
83398 78449
27162 18700
49177 21335
54602 59550
65663 7669
29827 92679
62265 11479
16027 61402
97443 16983
79124 63720
21767 19526
14026 44355
83519 69841
54503 67127
58016 68325
46774 60763
95816 57766
79101 90288
66191 44993
69014 50055
42734 31854
59685 98841
60244 5000
21983 92064
55784 74039
93565 1107
61814 93904
80097 23944
91071 61685
30010 50952
28068 65439
23205 93137
99777 23884
68877 2307
52362 65968
14174 37891
53084 11449
16449 73859
82275 29680
3719 54784
72243 54412
64668 97285
21229 50409
12094 44765
12070 28652
94091 58456
51593 40138
64022 33648
35955 67723
33691 49251
3494 4670
16119 64218
38077 56578
86259 48920
3704 36705
91117 89978
87263 75947
42708 55785
16902 24844
69848 54802
13258 28972
69110 80291
13940 81204
48927 33132
82383 66247
70917 98970
63188 85877
58808 3388
52308 17618
54323 45067
35045 72364
64663 61792
17577 38661
79857 7371
62173 34479
79804 49706
46349 91784
89340 48914
98399 60289
26537 38267
37237 97134
99364 13806
17195 16778
34396 58172
3239 85855
58220 5071
66863 38284
93297 22883
30255 792
51623 73155
39213 8780
564 31427
96694 1914
62204 89904
44523 95093
8579 5093
35251 98113
14891 7943
66115 68798
54654 65639
87062 85706
40343 12874
35757 53925
71069 33640
23147 82364
91145 22692
70472 78712
80627 8061
14318 67166
78611 59183
64276 58841
73306 87190
95134 15879
84678 4549
70188 77601
63308 39332
52206 57250
27527 3651
37291 4315
86680 98596
21289 76791
55503 94177
2238 91761
75279 36130
95313 16556
91750 53890
41080 75941
91821 65056
69606 52566
30168 76499
32183 56146
29749 9828
13479 84389
5056 57276
72225 67122
43913 8088
2265 93514
1627 15769
51899 4504
37412 93258
47148 63565
39506 29162
94219 4580
57147 47679
24178 80177
36323 3667
13495 56361
57102 66072
23349 26974
10448 78511
86599 95574
5440 70714
86483 5217
26073 23419
16677 54734
18299 63485
9000 80177
84757 57806
21837 3219
83396 58256
61923 46016
18729 36071
2144 91770
35096 75832
70695 41845
37419 45545
32611 57294
78863 59211
98982 19094
73828 4936
68422 15659
12188 8480
82638 93774
96993 13297
71554 4475
50491 96741
32812 49829
57952 69221
61405 51308
93153 93048
54945 32100
5746 30572
6135 87556
6650 84610
89546 5117
37128 96831
5311 74320
84446 49316
62614 87949
92424 81439
94532 50520
16701 59268
44841 43697
95005 74653
67702 6246
54698 88159
35083 22647
10204 76796
77758 57571
62688 33206
30037 67305
57977 99817
65485 51700
39649 42424
40215 28099
94971 48426
7694 51100
11149 11673
86326 52535
58781 6154
10665 54028
93028 29831
22979 62101
19672 19584
69142 738
84395 98712
14881 99180
67232 58724
1148 80367
24818 6882
71660 57716
25168 19790
31463 79354
31889 36317
58823 17789
88170 7022
53205 85841
47942 97550
17134 76184
76922 83966
99030 86276
1808 61317
20042 13912
94279 85393
8627 37542
11610 19097
55239 80287
59641 36778
89447 86702
20844 91530
98552 64623
50464 25366
22916 51757
27941 14758
15076 56402
59030 21216
82533 14106
28018 60839
62584 2575
56470 38649
74099 71211
51498 68080
21211 29338
16041 11139
2669 10658
75281 53237
78603 17573
85682 42097
56855 17871
74273 29975
51191 71931
2390 49655
10494 33725
52652 30408
69058 89430
60641 25474
93555 43157
88847 12139
23278 14766
41776 4888
74477 42299
59872 33410
75507 69432
87303 45554
75530 48715
20646 77928
27584 26721
76798 23036
69797 54430
43861 45803
71277 55207
14716 4502
16642 81184
95950 3563
24804 56272
98572 54079
87489 99281
68714 58444
20351 79348
28063 72369
50298 12233
55306 65062
4450 77882
48664 32105
94260 74247
45806 92525
97028 65537
63074 60522
64086 30022
86294 75376
29455 5242
4523 84866
59663 33296
12645 89589
61959 80014
92247 57060
22122 28609
6491 47553
96010 26573
820 55155
64033 6622
88512 46627
23501 61061
7435 51586
26962 3939
9181 93729
94948 56418
6066 30057
35998 54611
50977 18711
75772 97957
42918 59576
23481 14246
40819 49409
20917 19492
42466 41640
4619 84950
62363 30978
82564 44472
48412 86150
96231 25879
98649 57593
4002 91179
62142 4715
39779 40001
54310 13119
72695 15551
29797 97229
62990 96177
32021 86969
44961 259
1561 74487
21818 49580
94052 80276
66426 20734
46613 58816
32762 62658
70189 45262
49978 36764
93117 32332
45451 89757
21660 47428
61009 34499
30676 67809
54778 40351
40611 79049
69888 99739
65671 58524
38801 91706
12441 76076
34892 5227
84237 75406
20669 84006
20771 54427
86759 86999
76756 30240
94020 48562
83061 14768
82577 55029
95381 30089
25490 53708
69799 52344
10868 95379
3437 51823
27899 66021
71249 32230
7637 79143
63150 71838
42617 28306
15305 273
30513 29376
94291 8413
39533 24534
95915 93704
23794 22110
92170 7648
76344 49284
61015 61970
13793 87213
53234 64453
96683 58044
53539 40835
29026 4320
48978 16689
33314 71643
17372 80635
5400 80180
4714 11663
5367 44933
83396 16981
24630 45513
11150 75566
53888 974
4539 72165
52970 84033
58429 74126
14961 49654
70326 11969
45010 60339
31983 19305
16292 78325
74857 49355
77370 21693
66626 79571
96552 99089
44603 50022
41941 37534
54861 72105
60622 95829
96215 59400
33526 13593
79599 54644
66613 64840
25179 49925
85582 27976
22653 73514
39221 18227
39920 97510
77081 16591
15681 22898
72921 89985
43872 76636
65093 14862
27043 98733
74485 25715
55660 23258
77903 8012
89204 35259
1537 60868
88844 30735
20602 3471
21698 11497
9007 59823
76415 61618
869 2440
8778 8448
1436 73790
5004 52650
67735 66529
8596 48399
88010 42220
66584 64257
15868 65913
43133 72140
19228 17405
20877 48330
76179 39830
99653 42575
20546 1539
3979 92420
17220 37767
11557 29109
